# Scenario: Tile Sun and Water Levels
tile_configuration {
    sun_levels: [
        [3, 5, 6, 2, 1, 4, 0, 8, 9, 7],
        [2, 6, 7, 5, 4, 3, 1, 8, 9, 0],
        [4, 8, 1, 3, 6, 9, 2, 7, 5, 0],
        [7, 2, 6, 9, 1, 5, 4, 8, 3, 0],
        [5, 9, 0, 4, 6, 3, 2, 7, 1, 8]
    ]
    water_levels: [
        [3, 1, 2, 4, 0, 3, 1, 2, 0, 4],
        [2, 3, 0, 4, 1, 2, 3, 1, 0, 4],
        [4, 2, 1, 3, 0, 2, 4, 1, 3, 0],
        [0, 3, 2, 4, 1, 0, 2, 3, 4, 1],
        [3, 1, 4, 2, 0, 1, 3, 4, 2, 0]
    ]
}
